Library:
  F:
     -0.0000    0.0004   -0.0200
     -0.0005    0.0000    0.4109
      0.0697   -0.3896   -9.2135
  
  Residual in F = 0.096304
  Possible ts and Rs
     -0.7882
      0.1562
      0.5953
  
      0.7882
     -0.1562
     -0.5953
  
     -0.9941   -0.0568    0.0924
      0.0525   -0.9975   -0.0482
     -0.0949    0.0430   -0.9946
  
     -0.1649    0.1915    0.9675
      0.1772    0.9708   -0.1619
      0.9703   -0.1447    0.1940
  
  Reconstruction error = 4.204884

House:
  F:
      0.0000    0.0002   -0.0523
      0.0003    0.0000   -0.7753
      0.0280    0.6763    4.6626
  
  Residual in F = 0.806142
  Possible ts and Rs
      0.9975
      0.0326
      0.0621
  
     -0.9975
     -0.0326
     -0.0621
  
      0.9822    0.0627   -0.1771
     -0.0641    0.9979   -0.0017
      0.1766    0.0130    0.9842
  
      0.9903    0.1286   -0.0534
      0.1285   -0.9917   -0.0058
     -0.0537   -0.0011   -0.9986
  
  Reconstruction error = 2.323244
